2920729135839	3991.96
1241126311939	10797.70
1171120352964	0.00
1931002121498	0.00
2481012661320	9088.98
2701020384730	11245.30
1700228831332	8642.32
1280814450855	0.00
2280326649325	561.54
1691109565706	8468.34
1180508117403	7712.44
2790615915048	2898.43
1290501819810	18657.03
1411128601415	13705.66
1640413696699	0.00
1100906561935	22771.56
2540215575452	0.00
2631009779750	1291.32
1770731844186	0.00
1040902840242	8059.55
2361230172013	12938.16
2421215295673	0.00
1410226488011	0.00
1740218440067	0.00
2261208716267	19643.41
2470919941910	16669.84
2870116851587	20492.65
1750828807256	15587.17
1850330400585	1952.52
1380927260752	0.00
1350412508916	0.00
1161129395460	5192.09
2760706850619	21497.10
1340430402587	0.00
1141028183668	0.00
1281025157467	0.00
2080908291413	0.00
2710102563788	23012.91
1840103759605	0.00
1680723557874	12493.50
2280308237303	9960.38
2570628228740	0.00
1100707643400	4815.02
1110709828376	4788.23
1420215910378	0.00
2441115688180	0.00
2400721700369	2240.16
1940605379899	0.00
1050824154993	0.00
2070522531474	6604.37
1470514930656	95.40
2690401978814	18646.19
1470602452274	0.00
1601223737827	2984.36
2890813357755	4633.51
1930912562341	0.00
2310421243119	7735.52
1000312695529	12005.53
1350619820516	0.00
1140822563796	15346.17
1801017930158	2834.79
1630726721066	14300.67
2330507150817	2782.02
1360215146831	15828.74
2271127782930	0.00
1650113445832	0.00
2390518772533	3915.76
2631118214682	19255.76
1610801151646	6891.40
1930802157646	9664.10
1230106276250	17527.30
1020701262855	16079.60
2160421832701	12787.13
2761110502779	0.00
1401122260316	16667.10
1120607523093	10191.21
1730424752178	0.00
1311107118974	5486.42
1021011982937	13807.11
1660426169473	0.00
2540812618956	0.00
1790418985130	6300.75
2620308641957	0.00
1780928210497	0.00
2820424232158	5193.84
1560604974035	0.00
1151107237234	0.00
2000907423561	0.00
2940402220572	17683.99
1100528650734	0.00
2470913936855	4755.36
2180120926092	12972.04
1621218421211	2510.03
1090626730190	6080.49
2720828563557	0.00
1101109591358	13744.38
2301222947119	12561.81
1240829326631	15411.14
1831118317426	28591.81
1180510765236	907.11
1130522713290	21716.54
2160203198670	8437.29
2561123153394	0.00
2670208344001	9383.72
1170614137378	5153.22
2691002737046	0.00
2870513878647	0.00
2480615653081	0.00
2960729900395	0.00
1540723511668	0.00
1390202472152	11962.78
1960102221425	6683.59
2631204945720	0.00
2090222381403	0.00
1020810389478	8847.72
1380704403997	21057.99
2730104289053	0.00
2040308696190	15365.49
1480101401793	0.00
1760125134556	0.00
1820224145217	20436.02
2610207294865	12002.17
2831122461216	0.00
2770912529973	23356.22
2950529928679	0.00
2220716209536	15083.22
1520801735165	9773.38
2710419181372	23936.20
1641228849069	0.00
2611116729475	12887.39
2910226570074	0.00
1510123367447	0.00
2811126126471	3945.08
2740521955556	47411.67
2820820410417	0.00
1580903135675	0.00
2831121766872	27051.37
2690412193161	8532.85
2570110321561	7248.32
1260904266269	5962.51
2651017750062	0.00
1520505615350	15766.49
2520418893724	0.00
2710518529540	0.00
1461022254613	0.00
1150728780056	0.00
1170121451063	8325.28
1340528666238	0.00
2220106200957	0.00
1110221803556	36675.64
1740428550725	0.00
1120505562486	0.00
2950926618411	0.00
2560719644415	1697.80
2680108758476	5186.47
2050816472909	0.00
1400529425635	1425.83
2980828647053	16278.65
2410909905453	31351.70
2820618702186	1825.40
1260605776104	0.00
2060827476017	19461.85
1170720630959	52.92
1620709317459	12192.27
1251223357031	0.00
1071221217626	0.00
2270925358099	14542.80
1540121102740	5287.30
2181012275256	4710.90
2530513890261	0.00
2210619369145	6161.86
2780818269135	0.00
1601127452889	3127.65
2920321447892	4879.23
1820312484665	53318.25
2610501491320	0.00
1090628125276	0.00
2001226410764	7293.50
2450530530085	0.00
1200330336482	9892.60
2390429101142	0.00
2060928422319	0.00
2071216927058	14390.74
2820328507651	3671.98
1410407243676	0.00
2280504394130	16666.16
1910722366677	35513.28
2030121202093	0.00
1550303451675	9003.20
2840501104350	7064.69
1101204782078	0.00
1831213933369	26376.13
2801209494817	0.00
1160902641208	46182.71
2350527148020	4793.59
2440127466363	0.00
1450319320232	12400.44
2431204184740	276.01
2890730307661	3289.14
1991113908785	34252.51
1880817996627	9892.95
1580630693573	23698.14
1591103636140	0.00
1430927793855	15462.12
1260218690088	20010.77
2130926176352	3160.03
2210715572278	10230.46
2371226800169	0.00
1550118934697	0.00
1311202893177	18426.78
1690307570383	0.00
2411107953938	34303.27
2181012406651	3304.52
1280925478055	0.00
1051231612164	30246.40
1360429361612	33096.78
1820202624445	3514.33
1820611479466	9647.97
2100304435717	4858.03
1380922733284	26743.55
1731025503007	2193.49
2630721144174	0.00
1270808466894	0.00
1690226950350	8377.09
2250224852990	0.00
2070703288136	7521.86
2230626856945	43341.45
2850815898614	1289.54
1970620598668	0.00
2550107598643	0.00
2990228520202	27984.89
2400314660097	0.00
2940924112954	0.00
2380824640106	522.36
1241127403638	1345.56
1700716494423	0.00
1120719456790	5641.32
2481016849648	0.00
1160322455346	11534.27
2281202559069	0.00
1430725735907	9060.47
2310313199399	18735.90
2360826754049	26731.60
1430206629911	13190.03
1200916813381	20970.23
1091105288789	0.00
2500813822695	0.00
1050109524618	6602.53
1050529442272	17175.21
2250207159518	21379.84
2720122345641	11427.65
1880518490969	0.00
1800314106585	5151.61
2830522274436	0.00
2290518954377	2787.54
1780207911752	0.00
1320330597907	0.00
2991009967565	7925.06
1290226314189	1316.92
1851201866172	0.00
1570912134962	31171.34
2821016305180	0.00
2720601361113	0.00
1680727193367	16594.75
1790925118842	11535.69
2710903232502	0.00
1701124910895	10582.50
2710408894207	56150.88
2470726414800	10465.39
1650304702525	0.00
1710701114485	782.04
2750910167896	11901.38
2670720884183	0.00
2060507688567	7263.42
1760422838350	0.00
2340714639684	0.00
1371007228467	0.00
1370911344360	7923.69
1240530638495	0.00
1101119419625	29790.50
1560217267081	28100.81
2911230733394	0.00
1590526593899	10857.76
1221115288906	2124.55
2921228474492	16284.92
1860726603931	0.00
2770623851894	12598.79
1791027955783	20167.41
2110225816841	0.00
1550306216813	9673.95
1501217199193	4198.27
2660509575643	19676.84
1180412342444	0.00
2200620140431	5593.54
1230916861680	379.80
1130907883686	15233.42
1860419680243	17492.95
2270412336608	0.00
1360925934500	24655.33
1580104991324	0.00
1160122703345	0.00
2581004569341	0.00
1111124431390	13327.90
1241028975458	4063.87
2310208789937	8192.19
1040211759766	0.00
2100317213150	10271.28
1530801120279	2947.83
2670918937362	0.00
2610923897410	12406.96
1840207223610	38790.41
1140810718258	0.00
1760128188355	27525.25
2440617947813	0.00
1810428549225	1627.04
2330413911519	14066.24
1150218327469	11776.80
1190912335135	19891.54
2810603142292	10905.01
1881129904318	0.00
2080812960448	0.00
2650810832814	0.00
2950825456496	0.00
1730604389662	0.00
2720823243236	28415.15
1511009664320	0.00
1631118476063	14283.12
1650420279779	0.00
2320217984223	8417.50
2020811693080	8166.71
2921005776805	3134.35
1081127928112	0.00
1841124550963	0.00
2220113498651	22034.22
2670508781320	0.00
2620703702698	10248.41
2990620103301	712.44
2901019484109	0.00
2890123796256	3763.24
1680121271841	11643.92
1471110904620	27080.17
2210730190817	3712.14
1810508671562	9206.39
2150608892538	13784.89
2360215508880	0.00
1850905899826	13510.03
1990813525780	0.00
1760606964496	18126.72
2630102167405	22269.75
2120401446203	8349.59
1040110512562	16914.17
1510602402872	6335.20
1080110613369	12785.09
2030910927567	1475.60
1111107115993	8217.07
2990807373381	0.00
2241203758088	3682.71
2330604828577	22042.18
1740815271100	0.00
1850905545515	18861.40
2350227292172	892.22
2631212417959	0.00
1931003339279	362.58
1280930561598	0.00
1280119961563	12440.05
1240723279445	11931.44
1651015278566	18850.83
1610820657842	6311.82
2360804909319	0.00
2810215636701	7142.96
1930807766933	29043.11
2590502703132	5739.54
2221128774054	55992.54
2060728781364	1656.04
1020921169489	7220.51
1700614440750	0.00
1390516154123	10844.38
1460114573039	0.00
1521107529772	0.00
2201020178654	0.00
1021115615882	7586.27
1370710995233	17902.16
1740617150236	13001.53
1031202149983	213.78
2841009680279	17310.41
1800716985150	0.00
2840826198708	0.00
1670618907653	14166.29
1681207869863	0.00
2910308164698	5931.23
2320418373224	15989.93
2330223170948	9958.49
2871003921549	43716.04
1771218816425	0.00
2710919870828	0.00
2440525271600	9983.74
2000829237788	0.00
2390211942432	24936.60
1750120551220	3666.65
2490714686462	14716.42
2200630674570	0.00
2360913299025	0.00
1640607106261	0.00
1440822520608	0.00
1830817616874	0.00
2450122736370	0.00
1771001671489	0.00
1640404309740	0.00
1000612538129	504.50
2170223510102	0.00
1110318641614	0.00
2490323587477	20254.74
2630708683601	0.00
2330809479697	14777.40
2011020317327	0.00
2640129775727	13237.30
2850508254143	2110.60
2601121384471	0.00
1760301801368	0.00
2770130470767	2425.29
1461125895632	6136.79
1550220184317	0.00
1880608909566	14138.69
2070118885095	10181.78
2051202972407	0.00
1131127163605	3784.16
1871120867603	19505.21
1260728521485	0.00
1310526948296	12892.40
1750822950773	9029.21
1080201318989	27835.01
2320425400916	21418.61
1670610933399	0.00
2211112899184	11309.97
2970624669694	0.00
1580923320815	2411.85
1300716903865	10368.51
2210217583674	18760.83
2180504947772	40370.39
2391226920020	2909.96
1630924140256	826.12
2301024576615	35700.49
2880525910330	8141.04
1240217206743	21566.48
2270911971618	0.00
2901111206955	11561.66
2910408301965	0.00
2760329393258	27443.71
2690208185297	19691.35
1100123127706	16621.16
1700801546087	0.00
1080303842659	8181.09
2741106962595	0.00
2771216821129	36574.67
1010221182045	0.00
1430621338676	23696.64
2530419445580	0.00
2751105245067	0.00
2060213373508	6302.25
2871117704051	587.91
2750822278782	13932.64
1010425729556	0.00
1220406144399	5826.30
1480807738195	22004.55
2560926400302	0.00
1311027236600	0.00
2790429451506	0.00
2950730921640	0.00
1110119340497	0.00
1680817301035	14922.77
2370611119233	2697.03
1400629407079	34914.72
1840109786426	19690.17
2251103699970	6199.99
1590606611024	4201.14
2180704926242	15307.87
1360519786588	1021.07
1130819588847	0.00
1180306862932	0.00
2930705367023	0.00
1590905390605	0.00
1170107766088	33667.41
1780315702912	0.00
1700320382785	0.00
1920113792705	0.00
1850319118816	12883.95
1571209966855	7583.74
1610104322860	7753.28
2310108595690	4962.59
2510225166347	12458.05
1740801333055	0.00
1690525444292	86.51
2250105378718	1987.93
2260203582877	8713.07
1190118386107	0.00
1350525528413	12508.84
2140904665423	6891.43
2080705285226	0.00
1560409784784	9713.04
2900418495019	7096.44
2210801952467	2171.90
1251211801671	6082.74
1540916922864	6578.45
1751015105027	3662.70
1151204281821	0.00
2980323534758	7559.24
1090823379473	14593.14
2090601828024	21659.20
2470304526305	27988.60
1751021827229	0.00
1200130462373	10703.01
2850312587768	4505.91
1701220102428	0.00
2701008643796	12731.02
2590303607271	10580.02
1350122784861	9580.19
2611010747838	13007.06
2870923816759	0.00
1350314350932	3186.21
1640711758887	877.20
1040602821471	0.00
1931117377809	8325.30
2270114290887	0.00
1530319407092	3970.37
2590828804925	0.00
1030903713183	11387.81
1431107593423	0.00
2400626313790	0.00
1621128471254	16443.19
2100720366972	0.00
1310823259886	18796.72
1450530271748	43911.94
2360801469841	0.00
1600121950113	9529.79
2820628299642	4198.82
2501027477277	0.00
2470407721283	13419.45
2620615779778	11730.68
2501211316454	27994.08
1680406866874	15619.31
1080821671544	13247.82
2411231357152	3992.36
2410212381874	25135.37
2941003471482	8590.14
2781113495457	0.00
2051025627775	10306.32
1820921519299	16198.11
2020705976967	19373.33
1840312519372	6257.49
1080814516639	0.00
2550709329752	10020.30
2600814732983	14812.10
2501106212903	26627.75
2790219628829	0.00
2740910176216	19128.84
2670603610964	10645.17
1750811497193	161.86
1350926599210	10747.61
1101206912670	17267.45
1070205806125	12021.43
1550202158403	6039.47
1190726254476	0.00
2530922898645	28309.18
1810225190385	0.00
1621025468529	0.00
1840421755466	0.00
2720212303827	0.00
2330814704739	31500.34
1350502650263	0.00
1470829775721	3424.86
1401230440377	51491.36
1141119610120	4311.46
1180225762264	28992.03
1180331802381	0.00
1040907162574	0.00
2360730895075	1544.97
1760121866296	64921.84
2410904313305	0.00
2321104299412	20587.62
1150920363449	11760.86
2440708873340	0.00
1430306157937	1680.10
1170609886159	0.00
2371205772814	11695.20
1270704397928	0.00
2160812494426	15453.94
1271228424100	19318.14
2950805673028	0.00
2120121526047	0.00
1880514394008	0.00
2960726475702	11567.43
1710221362850	24229.46
1471026589382	6973.04
1010424703534	12443.90
1740211671626	0.00
2680227885186	40156.66
2830901402660	27986.01
2140329956949	11024.25
1000417771344	2404.94
1360702246859	8719.30
1600921320341	0.00
2851218949558	17673.17
2680328878547	0.00
1490723210248	0.00
2800103619630	12159.75
1780815153813	4880.09
2880208169320	815.23
2160303829613	19246.81
2210629212900	0.00
2110108194725	9728.75
1560226602916	15041.48
1600606482734	10836.89
1890421487755	16463.92
2830813186204	0.00
2970202586587	0.00
2250924269989	0.00
1170506924696	0.00
1720409813872	10384.53
1790706643288	17213.35
1710814359178	38168.38
1881226350771	11141.33
1740603310643	0.00
1360211546682	0.00
2420109472044	0.00
1521129317598	9456.61
2820405779926	0.00
2590203955694	21972.18
2320218675568	0.00
2640611203227	7451.37
1191103313628	0.00
1330821393301	0.00
2381225404474	62073.06
1651223897390	1818.72
1150621661290	20173.09
1820702640854	12117.98
1001012723501	0.00
2870924624285	17789.93
1561103638596	3885.19
2650413921044	7905.14
1330126964783	12229.91
2090619592267	9700.22
1540320665550	1501.16
1910219535314	27973.27
1340402120514	0.00
1340906737318	26471.02
2470914134095	6749.82
1810922406133	6847.97
2600402537400	2274.68
2020123530720	2851.80
1690806226525	0.00
1540206699212	8876.84
1791210993426	9027.46
2740910352864	21728.71
1311007275087	29927.81
2170615140899	0.00
1130818934826	2037.07
2651007372828	0.00
1460902934234	261.44
2580525315504	5878.06
2810429996372	12555.75
2040823291462	8004.22
1531014281488	9053.55
2920324320454	11578.64
2960401907012	0.00
2820728360404	0.00
1810617752903	3247.44
2390411157337	0.00
1341107427823	16825.84
2320625433113	14834.81
1770730677138	4409.50
2120802156701	15446.40
1300301388423	0.00
1370330228138	0.00
2300625109733	0.00
1510624704230	0.00
1410216765570	3411.02
2100108742649	14679.63
1190731496821	4671.63
2391229951625	3855.15
1701001660211	6340.09
1461125558076	27596.97
2890204428340	24324.70
2610826528856	17705.26
2170904549422	0.00
2941113181541	42298.18
2031024731384	30685.38
1401207659369	0.00
1400403785863	0.00
1061124964938	0.00
2940508503987	4996.01
2681005972879	2631.22
2541109107159	459.64
1270301156911	13241.31
1451020742382	1910.64
2821223158789	0.00
1530601971334	0.00
2450731173346	34651.34
2230830679634	0.00
1180113858539	18634.64
1520623622695	39252.04
2921118644962	0.00
2310301352730	0.00
1330329154830	5662.53
2030408890208	27095.26
2281224899059	12015.14
2340901471980	0.00
1711023741524	0.00
2260305898707	0.00
1370903787319	16004.28
2901121422923	0.00
2000625209535	14578.93
1000507515142	23764.50
1840228335359	1914.60
1801007428457	15135.67
1651222689384	16654.27
1950122133056	52675.85
2220912544748	20534.82
1850719639747	0.00
1500218218901	0.00
1001124336620	2480.40
2790314886221	0.00
1990830137366	0.00
1840907410303	63.28
1910829562427	38274.80
2990507508822	0.00
1800913572246	0.00
2030523798459	14514.56
2831006415104	25110.96
2490516888602	0.00
1050617673910	0.00
1180718138268	9895.80
1210303107440	15269.28
2790115879885	0.00
1820820170090	3743.79
2910913958647	0.00
1061025238654	18101.83
1471119834788	0.00
1780511933638	0.00
2440520757567	0.00
1151231254526	22187.18
2900123281874	2571.56
2181126165856	0.00
1260214627144	13701.77
2821001771377	7869.68
1690622125846	0.00
1720610351472	0.00
2511212170088	11188.50
1630801456443	5897.26
2731003920534	0.00
1060709672922	23275.78
2661216608601	0.00
2390504670454	7398.27
1851014154601	13372.33
1650115568760	0.00
1751030510271	0.00
1490512922088	2881.47
1750730649523	8227.35
1990530942479	0.00
1240610862814	0.00
2690818167253	18083.42
2531128114137	13135.68
2140514287202	21615.24
1870822947163	14333.87
1670620264383	11602.08
1620417152061	32989.94
2280614732405	9989.37
2111227488633	0.00
1310405364396	106.60
1540806724773	0.00
1910816179853	33588.33
1080625334652	0.00
2220828129951	13044.72
1930521414037	8428.53
2580716708940	4802.90
2941008717224	8395.92
1420725209501	280.35
1910227789039	12239.53
2330702287608	23359.13
1610808678434	37736.53
1330901887816	0.00
2601007269113	41883.91
1530930565237	5557.87
1781217125965	1243.34
1340602460486	0.00
2050304629526	6746.36
2960328627717	18853.07
2640626435309	361.68
1210729848411	9814.84
2290813951915	14785.11
2440609347086	0.00
2140708104007	0.00
2181016272745	97.47
2840816514011	6921.15
2080707807795	0.00
2420524528670	25031.91
2660415851606	12866.15
1780910927786	0.00
1440408951449	8842.69
1000515888758	6289.69
2791028473573	9422.50
1390215933244	9224.64
2040628257923	0.00
2420303536788	0.00
1150220743898	0.00
1670320738741	31232.17
2280607930485	13115.52
1730809940570	25700.41
2130226756570	0.00
2551116335194	0.00
1040205502835	1844.54
2060618270254	0.00
2131210240968	0.00
2531208889518	14594.17
2250827946370	0.00
2801121535508	9015.15
2350626381544	25551.89
2350513111958	0.00
2180620119492	10075.17
2870929816558	11638.68
2910228197631	10908.12
2280224686293	32624.18
1750223115264	2682.20
2910920198210	22054.61
2580613894384	22004.79
2720707890287	20041.93
1960711567447	452.97
2801220842995	14001.22
1230111393983	18306.23
2640421329960	1456.28
1850413356783	0.00
2020423422021	27655.73
2130622150544	14779.44
2220521778564	650.51
2660316539179	0.00
2100302383069	0.00
1780323930824	2506.53
2761011131272	8325.56
1360305645199	9159.53
1750811541790	12464.01
1051101894986	0.00
2970708615511	4428.39
2100720514048	24236.00
2040223362988	0.00
2590526475866	0.00
2360502929590	0.00
2390106249792	17152.11
2991102212172	1491.78
1700716976540	0.00
1201024291687	0.00
1690825499510	0.00
1401019799073	0.00
1840401548149	15814.43
2740312964304	7162.93
2760412646115	4696.85
2250208373199	6680.37
1870821902376	30467.68
2391203440021	0.00
1460911712429	281.24
1470524680538	8031.67
2451125373369	0.00
2040120102712	20747.54
2320319112631	0.00
1470218919463	18046.91
2730926561485	1256.42
2590302431839	7406.52
2910124994821	4273.30
2320921708729	2568.62
2681030561063	17376.19
1981226353261	18035.99
1140130351099	17121.11
2020919640212	0.00
1720222353675	0.00
1240919360166	19665.05
1771012951454	0.00
2531222856316	2280.75
2900914534461	23447.23
2580704318895	0.00
2000807559633	7268.48
2330528748598	0.00
2590330654882	0.00
1340817542987	0.00
1030722725657	0.00
2221217846469	0.00
2980413198557	0.00
1370219168478	0.00
1861228725720	5670.52
1210123678062	0.00
2710427371634	0.00
2960318932013	13328.08
2060109195092	0.00
2050815453875	21222.09
2820706195430	6882.01
2580515464666	4023.94
2700301575696	0.00
2580514187994	7421.80
1790929697244	0.00
2110622741419	0.00
1860608689393	0.00
2440411527622	11446.84
1991002265080	3080.90
1550402877156	0.00
2100607293242	7662.82
1670508601948	0.00
2961005840798	0.00
1180117263847	0.00
2820708376815	0.00
1350423781215	12042.62
2480216673395	0.00
1010307768730	0.00
1340213725140	0.00
2450526969587	11400.03
2740804527066	11121.65
2380520708256	2587.64
2870110523694	1441.82
1270901291868	0.00
2180103133047	12500.58
2950224650334	0.00
1720221125292	27375.00
1490728559685	4731.94
2890326342891	2495.57
2190331940018	10053.62
1460613528632	10298.02
1000308217766	0.00
2521012143856	0.00
2730612782642	7606.76
2240107553458	0.00
2850507675427	12177.59
1941114480893	16096.30
1101222906919	38708.51
2150602629200	0.00
2690815199663	11873.71
2280727168328	2548.38
1640531901095	25412.53
2480613636708	22341.08
2340907954974	0.00
2120531353890	0.00
1940223261796	5159.85
1330314166722	15039.07
2930408502150	0.00
2281014131234	0.00
1000325360979	6969.42
1640526563711	0.00
2951112157817	0.00
2180125855898	69296.43
1700718324423	11003.65
1910218425839	9267.16
2460809723884	0.00
2480327975743	12841.66
2640201403861	0.00
1880115906662	898.98
1040330175858	1693.49
2880715297540	16740.75
2460502411601	0.00
1380329893079	0.00
1310611572000	23210.45
1160104984382	0.00
1240723646894	11912.89
1720215164887	19484.85
1650404888650	2677.60
1351018156545	0.00
2980801417505	7602.17
1721025530586	0.00
1961003792739	6605.04
2720917739520	0.00
1440520454910	25194.63
1210527397619	0.00
2141010973184	3916.51
1370216415504	12869.61
1660912475640	12426.34
2220207316983	0.00
1730822993109	0.00
1170613538405	5380.96
2280928532484	26529.61
1650613727673	762.37
2670703251893	0.00
2081217519602	225.84
1261211881014	0.00
2691115711982	25306.58
2630717298869	0.00
1690127560876	0.00
1651012403265	21074.92
1020113714154	1014.43
2080118376969	0.00
1941206156199	8813.18
2670428244858	14230.45
1480705806369	0.00
2041209765188	19318.58
1940201126230	0.00
1810604860213	15402.04
1900125281606	1698.86
1260423669243	0.00
1171020254382	35502.35
2350608105797	289.14
1980426328430	20328.19
1821030227393	0.00
1270828937347	16762.81
2860225104991	15805.37
2711124518188	13188.89
1120112978924	2491.60
1080926122728	11530.99
2841004362870	15973.73
2370607635765	0.00
1750620169806	6284.40
2280807393842	1180.85
2340116154496	3593.16
2320602612061	10441.66
2290830915355	22822.65
1070611290677	5593.76
1530304642990	0.00
1400610128951	6711.43
2890415501960	19673.86
1931030445316	18879.67
2870101405719	12395.59
2010322909625	0.00
1870502698633	15967.29
1381228504468	18248.61
1781023192141	44659.81
2280822685172	7595.94
1711101269266	3214.39
1660127380920	0.00
1721106985989	1344.08
1031025459135	9993.40
2290320682134	705.77
2810409893990	0.00
2551020519251	11710.17
2310402831948	0.00
2210418885514	9055.00
1361028555247	24374.13
2050216923178	44271.44
1040630843471	0.00
1351124445953	7761.69
1171017575946	18344.21
1280130578271	0.00
1580910987998	630.48
2911010354544	0.00
2210413870665	22199.71
2230724888709	491.88
2580418332875	16761.37
1860405893963	11156.07
1720509180769	8817.66
1690805186577	0.00
2220310593258	9912.75
1621109626342	0.00
2800114916802	15472.59
2200626383380	0.00
2060610989732	7847.94
2580312132137	0.00
1450228924448	16367.44
2451208765187	0.00
1910915572594	18289.30
2990411451854	12291.51
1050414792536	6790.75
2640522206870	0.00
1671226410894	0.00
2341019722697	0.00
1001026759537	22175.97
2600913432242	28956.74
2050419337660	10741.51
1670201692735	5424.01
1770125125165	11344.00
2740408152411	8645.16
2781230107967	0.00
1331015225043	10338.27
1721125112208	13433.09
2520329426739	17722.15
2080522117116	21610.04
1280402643753	0.00
2861107123679	20216.89
1500912158369	0.00
2510924317750	7828.17
1320410830855	8516.91
2820109328317	6136.74
1510713498823	4133.96
2770220536242	5710.25
1060412923118	1968.13
2680131153999	6642.72
2591215350697	26942.02
1771106453427	0.00
2621012592485	11346.67
1330429660441	30329.24
1460817632268	0.00
2120104148126	22205.58
2190503824685	4024.66
2000126872638	0.00
1370724603700	0.00
1721009408790	0.00
2890917217805	17665.19
2620825987938	24182.15
2400117757060	0.00
1371201971456	0.00
1371119828134	0.00
2300204149515	8372.05
1981119802529	14298.06
2091113262303	0.00
2220605917727	18089.10
1330221173338	0.00
1150410598286	24205.21
1350531664632	30129.76
2681018534778	5734.74
1781227659797	3482.47
2040127613071	36431.61
1240417555854	0.00
1680815526523	10870.70
1730128707872	0.00
2680406330538	7155.96
2740707889030	5831.73
2050710654151	18953.57
1190313281246	13957.56
1951108853568	18121.24
1850606575236	0.00
1680705140226	33900.81
1950126976980	28662.79
2381019217688	10365.74
1681025759531	15404.80
1800402730703	5654.78
2170404711525	11557.66
1601107753491	326.49
2230628617887	52320.27
1740325195122	0.00
1540903345782	10536.76
1740421241816	0.00
1311020729478	20787.88
2280320104912	0.00
2940522356426	12696.39
2630827601577	15751.86
2270723900737	0.00
1051216282573	0.00
2440312633702	33348.96
2960725286698	0.00
2830419879988	24658.37
1981011520116	8797.67
1550415835945	7943.10
2331007604836	0.00
2760521809553	674.64
1971220927892	4692.99
2140714318254	30919.71
1391001215256	0.00
2330906840740	0.00
1901121802529	7661.29
2790717611765	0.00
2320406961314	0.00
2510327176835	0.00
1970531350510	0.00
2510628808238	23513.66
1250313875239	20142.44
1740627748920	28046.27
2940114467851	9660.24
2731025276521	0.00
1921017868416	0.00
1970220353518	0.00
2900212637239	4627.11
2940625408002	0.00
2980412198647	30623.66
2921226686114	4642.75
1441029613079	18280.19
1740808899779	0.00
2800216901578	7046.58
1990515763086	20841.05
2330501289129	0.00
1330609148974	1022.28
1410427559566	19567.71
1671212561871	0.00
2280303591668	6390.74
1750628431994	10261.07
2780216234230	6832.90
1911116178169	0.00
2410320649902	0.00
2400220488376	11797.64
2350925448630	0.00
2571212973985	0.00
2510922149610	10020.57
1430418437790	20865.24
2601119499811	13545.66
1910228971866	0.00
2470524846173	9351.12
1410223130687	0.00
1400214733233	5283.72
2140903373849	0.00
1850426228634	17432.53
2901101245520	12103.09
2970919557394	16738.12
2300131712337	8027.56
2280801442037	33264.15
1620417168676	5426.66
2200823551165	0.00
2050207136139	0.00
1770831852293	31408.63
1440728408670	11523.25
2030923777483	18879.42
1050614194639	25017.04
1511219837413	15919.21
2631107140872	519.98
2341123867673	3930.56
2970906139607	19199.86
1940512222756	0.00
1291008495527	28403.38
1660829162724	6633.64
2870520375845	5872.58
2110507833300	1038.13
1390120866942	15566.65
1530603265457	22370.36
1301115946558	416.35
1950617684215	30324.54
1650331562129	0.00
1260830970947	0.00
2060916193125	12016.28
1250622327089	11409.40
2290412517221	10244.36
2381120710911	3195.29
2041014285535	302.06
1811216235175	15752.16
1731213361022	0.00
1450213215108	10916.87
2700307250991	0.00
1230125980361	0.00
1500805634411	11034.25
1800726707114	4278.74
2930323307313	12091.30
1381002488106	0.00
1050701187028	13394.14
1671002490123	0.00
2770606788228	5406.46
2631209578351	3391.14
2831130288694	28366.43
1261221350106	25148.00
2060813681915	2632.27
1540714570894	0.00
2690522298118	12798.52
2781201815053	0.00
1480329845545	0.00
1911024598586	11594.20
1091229807960	30900.86
2340406189750	0.00
1400915146755	9504.23
1191003116166	32620.12
1730611179807	41121.08
1590129744875	520.89
2050223832926	0.00
2370302410407	23983.51
1890106757745	19512.24
1951014645598	20645.80
1360409586444	4628.60
2061225226354	14133.40
1150507709889	0.00
1960127167204	14022.29
2991202275074	11828.74
2401027731353	1234.30
1570425781218	0.00
2460321368465	0.00
2240503439252	10133.31
1250108624113	0.00
2540314107082	0.00
2671112731898	7449.96
1510102854358	671.90
2080817434382	0.00
2660502972587	10643.58
1691011647312	0.00
1980127550044	0.00
1820819902244	7280.31
1781220414426	28312.26
2470817280490	15019.86
2190108988185	25326.90
2730509293319	9192.30
1010123270475	0.00
2570125765019	21211.47
1090813594115	0.00
2350618381002	6888.88
2550430702642	9325.52
1361215932087	17480.74
2081110399308	6658.27
1040805397315	0.00
1410831487619	0.00
2790512312497	0.00
1490108137354	10438.26
2780326948900	0.00
1250208728050	0.00
2260624707455	0.00
2070417867727	0.00
1990619254467	23125.32
1530118764307	10487.77
2260124320883	20159.06
1380117501904	0.00
1450925304713	4468.44
1901122988688	25392.84
1810314710785	16139.63
1450322170710	55731.83
1090731408600	0.00
1890726353335	15558.19
2920216577040	663.01
2421219656585	14519.23
1820106764081	0.00
1960624105027	2775.08
1000714591233	0.00
1890108422554	7876.41
1541118601958	0.00
1240628450342	50433.97
2810304176679	0.00
2580502130749	15180.65
1341003519978	14461.45
1600904572758	0.00
1200621790837	15.72
1020209183558	18474.11
1570906194416	9016.69
1650110821798	216.92
2571111846145	40090.66
1170717682570	0.00
2480208931983	2337.78
1860312447978	28136.49
2070426623102	0.00
1620317649499	4493.10
1581219203128	0.00
1080710972534	31420.13
2340426264609	0.00
2010808589295	8386.66
2201029889152	3825.52
2300912288478	3951.26
1430228605948	12833.78
1230407420889	0.00
2930218141532	35639.44
1770907496438	1428.04
1141220622501	11494.24
1520501897293	33399.01
2540227342462	0.00
1370215151699	12657.07
1341227162159	0.00
1550518373215	5348.59
2900407473852	16793.52
2320601517096	434.72
2441124279118	4409.21
1930118418627	9099.50
2020225587529	18936.68
1130809225225	0.00
1910201103318	20430.42
1650924292430	6643.21
2780130371321	625.11
2420717262858	39752.56
1040328542075	1034.65
1800710725005	11350.62
1840701448982	19805.05
2510628234435	5578.91
1700214556884	19569.05
2121012295307	25744.46
1291025553739	0.00
2710209770106	12831.26
1600620533823	7185.06
1470623659428	5530.82
2870430528116	4768.89
1960901350301	0.00
1141106739695	33119.57
2070120631707	5827.64
1980829661429	2623.14
1230725583730	167.99
1390414210954	11008.74
2790114956054	0.00
2810703463026	1170.30
1001028322428	0.00
1390215983091	11448.16
1020306862968	10585.27
2980120487759	0.00
1391206470047	23829.91
2170504641389	10127.26
2131119126181	0.00
2250410971971	12336.33
1461027847087	19334.74
1920128800745	14127.30
2630430648842	0.00
2650921999944	0.00
2390522163472	3563.40
1160305856715	9616.54
2391007809083	25938.30
2671012842620	0.00
1810301576389	927.94
1100726522502	7.43
2280202973034	8084.42
2920105948116	27077.67
2290926340630	11005.67
1270114941475	6201.64
2630728224490	18221.20
2550712449161	0.00
2720908321840	0.00
1011004461666	0.00
1680309442194	0.00
2810402731526	41564.80
1590224315287	1457.04
1960918807855	0.00
2900202123336	15290.29
1380918158707	8463.07
2100822754254	21586.94
1280223935404	11787.18
2151224442769	8556.04
2670713588755	0.00
2250308234170	12758.93
2410906467103	964.31
1420505536048	0.00
2141223400810	3817.76
2161108210685	0.00
1841012526668	0.00
2601130572283	13505.06
2130210868864	12292.20
2951021129675	7065.52
2641106695012	13935.55
2881116838398	15374.82
2451110527624	2613.24
1980607145135	15751.64
2170930666686	4517.66
1400425346753	569.44
2280813655971	6759.70
2750708365267	0.00
1370504296419	8299.88
2930823389539	0.00
1700916746026	10750.75
1960428708717	0.00
1940328826854	0.00
2920606619982	16518.62
2960430460066	8276.93
1420909370017	14806.16
1211003772587	0.00
2931106368995	0.00
1930708164078	0.00
2040613737714	6331.58
1340217995735	1772.44
2771027386728	13725.29
1740927506291	5014.29
2380810697252	0.00
2870714605709	7115.02
1951118277185	16109.14
1941128524596	1414.34
1530609701980	4848.24
1151009648114	0.00
1040328524721	12804.97
2050428266838	5928.53
2570429605054	0.00
1350131388106	13000.57
1350519134109	0.00
2480812390940	0.00
1490602461357	10610.72
2090303148280	0.00
2520921327880	0.00
2940710857771	0.00
2010531637485	0.00
2010925759265	0.00
1440320989943	0.00
1640613893158	0.00
2090413224451	0.00
2850925648488	26078.44
2380823382830	44828.50
1610731953330	0.00
2620717847763	20402.84
1800224739761	13674.27
1831107314992	4718.56
1730919746930	11353.24
1841115639968	0.00
2590425941986	14567.41
1781222810657	0.00
1290929307627	10098.17
1570706579759	14902.58
1360827450556	0.00
2601201731622	26005.10
2440924408833	0.00
1121109679075	0.00
1350418668709	0.00
1240530501603	5202.96
1590411378071	0.00
2820726249345	4583.27
2950703974273	0.00
1740101631579	0.00
2610219486161	4917.52
1011220886796	5544.61
2841010726484	0.00
1630410149586	13875.42
2100329354292	7580.21
1090927665833	750.74
1181125649024	0.00
2140805313261	24244.31
1471213534020	0.00
1290212155259	0.00
2430520469484	0.00
2750716210480	18064.36
2991229690692	3169.22
1770807773383	37067.76
1921203936922	0.00
1270124259102	6456.50
1710825290617	23262.48
2371016900561	8665.33
1390812777614	18259.64
2020806713052	0.00
2860630977190	8588.34
1180825363324	26904.34
1110203812557	25650.77
1941020198317	12406.43
1050429232528	27986.02
2640220143244	0.00
2010921229499	12536.58
2781004640822	0.00
2581008479002	15314.43
2100912641030	0.00
2400624685915	13056.96
2230408440570	0.00
1440209633577	0.00
2040817545230	10304.54
2600305746385	5338.19
1310119819422	2774.38
1400611800160	11453.33
1391109429127	12103.08
1820626201858	36252.59
2850426666085	17843.99
1930111214756	9831.42
1220310213877	0.00
1900711457906	421.68
2420916305684	3485.17
2561129981464	8392.41
2170211627134	10818.24
1660829237572	14478.55
1610421882894	0.00
2150514792097	4950.41
2970309913443	4021.31
2280302936861	15559.52
1110610384120	0.00
2611029771235	3688.77
2290312205546	0.00
1281111409280	46084.93
2791021258774	0.00
1431019735713	0.00
1901223380151	727.24
1450406106802	9941.72
1411222746891	18696.77
1800620599679	8573.79
2270426790957	0.00
1350314713398	6250.61
1420127820315	0.00
2450427726786	0.00
1770618638993	18889.66
2390331585937	2121.60
1890419748459	3713.64
2130203391470	13716.40
1351103651015	12089.35
1921217122246	4927.49
2990527926687	0.00
2200414523846	3074.98
2450903611569	17242.56
1830610418298	4489.66
1670409629274	9821.42
2510831880047	0.00
2841115305014	26789.65
2271018652560	8793.29
1340623726881	19839.16
2851223428876	0.00
2910113309304	0.00
1321122810413	3074.33
2700228343063	0.00
2060328829313	12731.58
1421219401627	14349.15
1831019352085	20242.82
2701210175297	8437.28
1430621377172	18018.29
2381114913924	0.00
1110508420651	0.00
1550111173282	23399.43
1520828524358	0.00
1150609402135	0.00
1370624842611	0.00
2871118847167	0.00
1480505398110	16973.02
1280609347095	1161.06
2480413186770	3627.37
2900910251291	8782.63
2230107165790	18668.51
2610503601864	0.00
1520424432044	37811.25
2911223228667	0.00
1970917793994	20041.80
2500515258127	12511.50
2140401524388	0.00
1581008565570	24950.61
2870707304167	24579.95
1040210604304	0.00
2690212464671	0.00
2120210125109	0.00
1770615675352	10609.72
2590216337326	22730.84
2580608880000	13740.73
2841209354424	0.00
1740310757922	3407.48
1371127400718	0.00
1520203127884	20165.68
1500815574638	7377.47
2660807734441	25480.12
2250811343635	4829.75
1591207153030	13906.82
1630729773371	0.00
1101216356912	1622.93
2080203769730	14723.86
2400320124147	0.00
2470404616484	0.00
2691120169531	0.00
2880730676158	0.00
2820424790678	0.00
2080801646029	22584.99
1310113402159	34933.22
2850114631468	0.00
1220923303188	40305.85
2000109911897	4904.21
2410313651184	0.00
1820429194575	11156.42
2710421753680	0.00
1590513156972	9742.88
1420804349345	25856.07
1790606188972	0.00
2090810528623	0.00
1241125786924	10188.85
1430102588359	0.00
2920526265191	4087.76
2611031667444	18139.98
1550830160794	956.24
1950829263205	13510.50
1391212124163	1988.39
2420109131844	0.00
1290708246108	0.00
2460322685568	1003.80
1850713906820	14974.88
2570128413283	14681.81
1651217265846	0.00
2890215206363	0.00
1360317197423	5465.43
2411026620468	0.00
2001108657100	2454.04
2600717385403	5411.46
2231102776776	2297.68
1710511754075	9228.66
2330801570656	10717.07
2130818537443	0.00
1390326369042	2033.02
2700116359582	0.00
2720405820633	0.00
2100825914680	5351.04
1710429976817	0.00
1701010301918	0.00
1420309753017	14739.56
2710729358077	11709.72
1310901989675	0.00
2800121503777	3842.40
1140309982500	17274.33
1430604637975	2427.04
2401004497313	8260.19
2990408701963	32975.76
1810210382815	0.00
1020426783658	0.00
1761015584897	0.00
1070416799349	0.00
2171007625234	41768.05
1861027573253	12717.91
2860822967025	18309.13
2211108501543	9987.10
2860420829774	0.00
2490517821915	3825.52
1190720757497	0.00
2101204924227	12021.67
1431023259780	1839.25
2420520602973	19092.54
1141216979967	4624.50
2000829365196	0.02
1541104515418	7526.15
2770206262991	4686.23
2281114305797	0.00
1320601891367	13518.72
1601220366834	0.00
2970702682581	3335.41
1211008934896	14745.66
1010714506552	0.00
2640810356113	3260.49
2750801121394	0.00
1080824872484	25404.29
1771115707235	0.00
1320310188091	5102.32
1980723601899	0.00
1061122834821	23992.65
1490927648043	12052.86
2491129484563	2875.84
1550920242948	13010.74
1310319669110	12041.14
1160911227925	7722.06
1550110258174	201.98
2540823783072	14814.72
2860515586012	0.00
1400411753317	2811.22
2691202967937	12171.27
2950809635333	0.00
1640529655387	3919.24
1940621520127	0.00
2920124978077	10769.55
2290504682837	924.20
1411009530999	15989.80
2290608907303	0.00
1151128847577	7409.31
2530909189461	8908.32
2120412640340	117.28
1830824356512	5028.23
1951124257624	5041.50
1780321449353	0.00
2510104565646	11603.66
1400524417219	0.00
2750820660949	9883.19
1440115811864	235.18
1330602926694	9652.50
1990116332646	12569.48
2110212860576	27692.69
2370123317390	0.00
2681122204782	10450.01
1871206116451	665.08
2950503588816	20633.68
2271221272443	1463.52
2580324207083	0.00
1100117431914	13710.58
2080603333156	0.00
1201126510534	0.00
2960308848415	28853.91
1250322209377	0.00
1461005358912	18367.01
2100505788753	20524.15
1120825709644	0.00
2961116813387	0.00
2570602959976	0.00
2951230637346	0.00
1230630615256	5581.52
1260122853547	0.00
2051215361696	16635.95
1011007581564	7020.05
1240530759621	21503.43
2330821974855	36009.16
1300830222348	7144.93
1210821584994	8337.80
1530524168185	15018.09
2680630585698	29141.01
1920818524080	3582.56
1151031634170	16512.44
1650506837271	27246.31
1820516818176	0.00
1550215115280	18467.52
2590714889927	2437.64
1720215896226	9811.67
1850607807844	158.48
2780731624177	29871.17
2530510316525	0.00
2930804193472	0.00
2910912289428	0.00
2910302556565	0.00
1890617444815	11537.84
1770720723124	0.00
2330119262899	3269.93
1480905717601	0.00
2791128560339	21305.84
1770714344705	0.00
2400423473637	0.00
2580717613945	12954.09
1740806578300	6033.13
2950313537773	9723.40
1340412781198	32353.90
1771119800098	0.00
2721229241582	1506.29
1881225771643	0.00
1120603242162	5544.00
1981013370494	5807.86
2911222438349	0.00
1400610191791	0.00
2210105730645	4943.31
1510802793906	18327.42
1971214130109	17776.76
1430827970413	16665.11
1271108256539	0.00
1280422979139	0.00
1880409528290	27744.49
2930405973657	0.00
2450208156008	31273.22
2590818817619	8757.16
2291202464928	6734.97
2541213776662	0.00
2790306159584	31538.41
1710222186215	8214.89
2720708831995	18446.17
2850510580810	8692.37
2520620403591	3452.76
2161013230724	2214.14
1370218194711	20386.67
1200313658648	16483.69
2901017717281	123.90
1891019842284	0.00
1000921959032	0.00
2690519868324	1404.84
1710912951410	0.00
2081205979877	27784.34
1410430727587	35197.28
1420403848530	8735.44
2240530402654	0.00
2831007669394	6454.99
1470725928026	9187.14
1130901330119	15379.16
2570711226633	0.00
1431031699734	15536.67
2240108148066	0.00
2790920295525	12575.89
2820630781368	41498.87
1601203562775	1530.16
2581127620927	0.00
1441115738513	0.00
1551204326637	0.00
1820610286583	0.00
2550517190422	0.00
2561014988079	2019.58
2761116835533	16038.16
2531021699932	0.00
1050302922665	23198.36
1310913650915	0.00
1210816845565	0.00
1010505955465	0.00
2371220664733	6283.49
1410513565201	0.00
1891123507487	28214.11
1621106700514	11399.14
1560503768183	3915.66
1381026291198	0.00
1141116769912	6306.22
1120813155626	0.00
2000605255737	10012.58
1131111196812	0.00
1510208381773	2296.82
1500302109927	2894.04
2020702374856	14586.66
2920914247264	21968.67
1351012279616	1204.76
1820202955004	16796.93
1610715556105	8610.10
1770512836895	0.00
1031213372631	5266.54
2060719902925	1622.40
2151224362174	0.00
1660831177899	0.00
1430420969108	0.00
2430206861022	0.00
1710813523469	14043.48
1650531596618	32443.24
2040511578621	0.00
1780116956211	1482.96
2960410295161	6598.59
2030704503102	0.00
1800813573877	20806.05
2371028681488	38597.66
1761119722821	0.00
1560921353772	6183.34
2230219179231	0.00
2930708277497	0.00
2490303860343	0.00
2881203567225	10383.22
2550822349697	11106.77
2380510503570	2305.59
2400215692658	0.00
2150824602312	16662.58
1190519131325	0.00
1790313589119	16094.20
2640130565004	12657.59
1270130604111	0.00
1060226935686	0.00
1270324887396	8770.74
1830227914551	0.64
2211114869448	2712.23
1031212473977	0.00
2380713515942	13480.01
2620824179847	25812.83
2111020341482	0.00
2291105565434	15488.34
2440211905916	0.00
1040604408495	16499.53
2260211438217	0.00
2080129652350	13802.64
1090503620442	9935.82
1420812295267	0.00
1291218247834	5260.74
2020824552760	10041.66
1641012630611	0.00
1360723855160	0.00
1860613213552	2362.32
1970206306781	0.00
2990704460379	0.00
1060514285697	8439.93
2591021915839	0.00
1380212379328	42961.29
2120204930535	19745.68
2151214958419	0.00
1570318677436	14479.95
2211222983061	0.00
2800111334762	10613.26
1280709179489	0.00
1880929280186	8456.77
2100917690417	1624.88
2150309396536	2651.21
1100113781375	16569.38
1240813726702	0.00
2920713362087	0.00
1960827321638	12124.55
2140117565410	0.00
2480429726411	6459.60
2920426733772	0.00
1880526818920	0.00
2150812360958	0.00
1170922161030	0.00
2780304253971	10858.06
2431206947504	23294.10
2110314333573	30031.26
2430804658066	26117.28
1301225561808	0.00
1730719683188	7650.31
2841130760717	37361.20
2780813276451	25915.99
1840323432248	0.00
1180910727624	16694.28
1280709956458	0.00
2541211683854	15558.47
1630831228638	36429.52
2850616836703	0.00
2390217445487	0.00
1980622262470	0.00
2200420871703	0.00
2760611142669	0.00
2190606922608	4704.77
2510623941088	0.00
1150930568694	21676.96
2370903809895	959.73
1301125541410	0.00
2890620370095	0.00
1600507355215	4621.71
2001118853568	129.64
1370712708536	0.00
2150820124647	12061.81
2460721782743	25995.63
2550115924749	8774.17
1321106519719	0.00
2231016967133	0.00
2910727469761	15396.16
2920612405505	0.00
1470803121538	4777.58
1790227386852	3036.48
2650516911170	0.00
1360606541488	31664.33
2090513547645	0.00
2680722515344	14401.67
2360224256973	0.00
1590120799055	0.00
2311013362477	13199.73
1220516339062	11886.55
2540826927222	0.00
2810330208881	0.00
2450311814021	0.00
1961226716618	4158.61
1370120816370	0.00
1851216452363	0.00
1510422426777	12194.23
1880929411615	0.00
1110803133877	18059.38
1290917518160	0.00
1931005405662	15051.38
2521026764649	4481.97
2980131814097	11339.24
1870823615988	16442.34
2741116443624	1309.74
2050514397244	1500.20
1500827317148	35207.32
1191111862444	0.00
1150514274794	0.00
1830516418477	16248.04
2450504311626	14054.19
2150916307723	4889.15
2440304316888	10760.84
1771023834608	3799.03
1130905601134	0.00
2890630132486	0.00
2170530189958	0.00
2320418826808	16616.76
1390213481724	0.00
2860711320208	34400.94
1010305573449	0.00
1760427111769	8216.12
2950207392201	32394.42
1820228583325	19188.11
1091014510677	8591.71
2971209276072	3949.09
1251225529928	11965.80
2530127897570	5392.11
2691230313245	0.00
2150614789656	10123.69
2400830659502	0.00
1460320806450	0.00
1170331665717	19080.85
1450507309405	22228.32
1051123152333	13527.44
2630817301218	5878.52
2531005213874	0.00
1120116698316	22074.27
2801110537340	9756.82
2821223370981	27215.15
1160124467687	17279.76
1480607931000	0.00
2870428429876	0.00
